# Loading Health Outcomes

vsl160 <- 2169600
vsl100 <- 1356000
vslus  <- 1065368

